33 2 10.2833 73.1875
11 6 10.3 73.1719
19 8 10.2667 73.3438
107 4 10.3 73.1719
88 8 10.2667 73.2656
9 8 11.8667 212.312
0 2 11.9 212.516
4 9 12.0667 212.047
34 0 12.2667 212.078
6 4 12.05 212.047
4 9 14.2167 1009.56
4 5 13.7 1022.67
3 6 14.45 1009.7
4 3 14.2 1010.58
2 7 15.5167 1012.19
16 7 392.083 1418.89
17 9 388.55 1432.95
19 4 390.483 1417.09
12 8 388.533 1419.78
2 9 390.767 1422.97
1 8 772.983 2262.17
3 2 735.317 2244.64
0 7 731.9 2194.64
2 7 743.883 2250.02
2 7 752.133 2416.28
5217 5 47.7667 2196.8
217 4 47.7833 2196.8
4689 1 47.7833 2196.8
3843 9 47.7667 2196.83
4446 9 47.7667 2196.83
308 1 86.7833 2270.78
299 9 85.85 2269.47
1 4 88.0667 2270.88
417 9 87.8333 2270.89
119 5 86.2833 2270.62
13 9 782.783 2645.2
12 9 787.033 2655.81
7 8 787.517 2655.62
13 3 778.7 2642.14
4 6 773.967 2643.05
3629 9 0.933333 2664.95
537 6 0.933333 2664.97
3092 9 0.933333 2664.95
2895 7 0.95 2664.97
4607 2 0.933333 2664.95
282 7 2.01667 2745.33
144 5 2.01667 2746.36
325 7 2.01667 2745.47
150 4 2.01667 2745.78
177 4 2.08333 2745.62
12 8 4.65 3342.16
9 8 4.58333 3355.44
15 8 4.61667 3346.11
21 8 4.63333 3346.98
14 4 4.58333 3358.8
1349 4 13.4667 3382.34
4274 7 13.4667 3382.44
5428 5 13.3667 3382.42
1731 9 13.4667 3382.38
4200 9 13.4 3382.34
153 9 22.85 3490.44
60 7 22.3833 3490.42
396 8 22.4667 3490.27
320 2 22.8167 3490.55
657 7 22.7833 3490.58
25 6 41.1833 4017.05
17 9 40.2333 4017.69
3 5 40.7167 4018.05
32 5 41.4167 4024.19
