25 9 10.25 73.1562
6 0 10.3 73.25
8 3 10.2833 73.4062
39 6 10.2333 73.1719
39 4 10.3 73.25
20 9 12.1667 212
0 6 11.9 212.328
14 1 12 212.547
21 7 11.9333 212.203
17 8 12.0167 212.109
0 8 14.7167 1037.44
3 8 13.75 1012.59
2 8 13.75 1013.27
1 6 15.7833 1026.44
2 4 13.7 1011.28
0 9 394.333 1418.88
9 8 388.733 1424.58
7 9 391.45 1428.09
3 9 385.9 1418.7
13 9 393.733 1425.95
2 5 751.217 2181.55
1 6 752.333 2188.02
2 3 741.233 2225.22
2 7 743.117 2265.66
0 8 759.717 2179.33
832 1 47.7833 2196.8
3454 2 47.7667 2196.83
2630 5 47.7667 2196.8
116 5 47.7833 2196.91
2890 9 47.7667 2196.8
1 9 87.9 2270.41
131 1 86.4 2269.61
228 9 86.3667 2269.45
66 3 86.2667 2269.66
245 6 86.45 2270.31
9 7 774.533 2665.75
7 6 780.933 2662.55
10 6 786.4 2651.48
12 9 781.717 2677.84
4 5 788.617 2652.2
798 4 0.916667 2664.97
4129 6 0.95 2664.97
2355 8 0.95 2664.97
1007 1 0.95 2664.97
1845 8 0.933333 2664.95
263 8 2.03333 2745.78
174 6 2.05 2745.86
229 8 2.05 2745.81
311 5 2.05 2745.31
68 7 2.08333 2745.84
9 9 4.75 3348.73
5 8 4.71667 3357.59
7 8 4.5 3347.27
11 5 4.81667 3352.52
8 4 4.66667 3350.12
3154 7 13.4 3382.41
3008 7 13.4333 3382.38
2714 1 13.3667 3382.34
841 9 13.3667 3382.41
2100 6 13.3333 3382.42
48 8 22.75 3490.28
308 8 22.25 3490.33
237 8 22.65 3490.48
52 5 22.4167 3490.34
247 4 22.5 3491.34
16 6 40.4167 4024.5
14 7 41.0833 4031.91
25 3 41.1167 4018.88
22 5 40.5167 4032.19
