3 326 2690 9027 2720 2025 2524 2422 2223 2391 9183 8321 2195 9505 584 8404 402 207 729 2992 9228 2873 7382 8294 9480 8096 9699 9975 7581 8189 8998 9808 897 9793 9372 7276 7606 674 7409 985 8501 188 8870 7064 6479 7961 6146 4642 4267 6769 6965 6568 6860 6077 7730 3066 6643 4332 3262 6287 8740 4078 7849 4947 4751 5148 4886 8613 1311 1131 3110 1041 4163 6316 1618 1871 7155 5553 5352 5254 5459 5958 5857 5756 5650 5014 1439 3917 1737 3715 1533 3345 4538 3844 4412 1235 3536 3634 3419 
2329 2926 2621 2108 824 2422 2200 9 904 496 9607 703 325 2520 2092 9291 9101 172 7227 2790 9077 7728 2802 281 8180 8073 7398 9899 9993 9306 685 8586 8683 8397 9784 8482 8289 8975 7594 9495 9574 7478 7848 4847 4749 4910 1051 5111 1105 513 1316 1618 1887 8776 7670 7068 6867 6764 6466 6662 6261 6169 6965 6560 6063 6379 7933 3342 4232 3243 4345 4541 4131 3146 4640 4030 3044 4412 1288 8871 7150 5057 5759 5953 5355 5558 5852 5256 5654 5414 1417 1715 1539 3937 3736 3638 3834 3435 3519 
9102 204 407 726 2672 7222 2224 2428 2800 20 2021 2101 123 2392 9208 890 9005 527 2782 8203 325 2574 7494 9406 689 8981 8129 2993 9397 9780 8077 7784 8409 986 8698 9885 8588 8899 9975 7587 8795 9596 9673 7378 7851 5148 4847 4749 4913 1311 1116 1610 1076 7683 8370 7067 6762 6269 6960 6044 4431 3163 6366 6679 7964 6445 4568 6846 4633 3340 4065 6561 6143 4341 4132 3230 3042 4271 7152 5259 5935 3538 3818 1854 5450 5058 5857 5756 5655 5553 5317 1736 3639 3914 1415 1537 3734 3412 1219 
2904 405 591 9102 206 623 2308 822 2225 2528 2826 2692 9203 301 127 2724 2407 709 999 9921 2180 8000 84 8497 9794 9477 7783 8390 9020 2098 9874 7482 8296 9695 9576 7686 8673 7372 7281 8193 9389 8988 8870 7069 6932 3267 6760 6064 6466 6663 6379 7946 4661 6145 4568 6831 3175 7578 7847 4751 5149 4948 4830 3085 8587 8733 3311 1116 1662 6241 4171 7144 4410 1065 6542 4240 4043 4352 5259 5957 5735 3555 5558 5853 5354 5450 5013 1314 1438 3839 3917 1715 1537 3712 1234 3456 5618 1836 3619 
2028 2805 526 2690 9003 309 900 1 102 221 2106 625 2522 2227 2729 2992 9286 8608 891 9123 2304 407 784 8498 9882 8295 9587 8799 9976 7680 8075 7589 8974 7473 7396 9624 2488 8881 8177 7783 8393 9397 9785 8571 7155 5550 5059 5956 5658 5854 5457 5752 5234 3417 1736 3653 5338 3815 1537 3772 7278 7849 4951 5148 4839 3947 4711 1113 1316 1610 1094 9470 7066 6618 1814 1464 6468 6865 6563 6362 6261 6169 6960 6044 4431 3132 3230 3040 4035 3567 6745 4543 4333 3379 7919 1946 4642 4241 4112 
2400 25 2590 9001 102 203 320 2023 2306 628 2809 991 9126 2627 2792 9222 2207 729 2905 593 9384 8472 7294 9421 2182 8204 476 7608 874 7477 7780 8086 8673 7395 9587 8785 8575 7578 7848 4899 9949 4998 9810 1089 8951 5183 8316 1688 8896 9671 7158 5856 5659 5981 8155 5597 9753 5336 3652 5250 5039 3911 1147 4717 1754 5435 3514 1413 1357 5770 7066 6668 6865 6561 6163 6367 6769 6964 6479 7962 6243 4332 3260 6042 4231 3133 3340 4037 3715 1530 3045 4541 4146 4634 3438 3844 4419 1918 1812 
508 821 2120 2028 2807 724 2406 692 9202 223 2327 2704 409 990 9088 8826 2629 2903 322 2200 86 8601 189 8976 7675 7596 9682 8277 7798 9891 9173 7384 8495 9593 9387 8725 2572 7285 8594 9481 8183 8374 7471 7178 7854 5456 5650 5057 5759 5953 5352 5255 5535 3539 3938 3817 1736 3697 9758 5851 5148 4847 4716 1680 8049 4913 1337 3711 1115 1599 9970 7010 1034 3467 6763 6379 7964 6466 6662 6260 6065 6568 6869 6931 3132 3244 4414 1440 4033 3341 4142 4261 6119 1946 4643 4330 3045 4518 1812 
190 9008 824 2491 9121 2128 2805 506 625 2529 2902 204 420 2009 900 27 2774 7487 8707 776 7698 9892 9222 2277 7723 2394 9403 372 7273 7385 8589 8984 8480 8082 8295 9586 8696 9688 8897 9781 8175 7578 7848 4847 4749 4951 5193 9383 8316 1626 2671 7152 5254 5456 5699 9958 5850 5053 5359 5939 3955 5517 1736 3614 1415 1513 1334 3435 3538 3857 5737 3711 1170 7060 6065 6561 6162 6269 6964 6468 6866 6667 6779 7942 4263 6331 3141 4140 4046 4645 4533 3332 3219 1944 4410 1018 1830 3043 4312 
923 2392 9221 2127 2729 2906 607 722 2228 2826 2691 9103 390 9008 804 496 9624 2420 2001 197 9725 2500 81 8173 7302 272 7299 9998 9894 9495 9593 9389 8983 8382 8280 8087 8775 7576 7685 8584 8470 7079 7961 6167 6765 6562 6264 6469 6968 6863 6377 7760 6066 6674 7431 3141 4130 3042 4205 588 8886 8633 3346 4643 4345 4540 4032 3278 7849 4947 4751 5148 4871 7154 5455 5553 5350 5059 5958 5857 5752 5211 1156 5617 1714 1413 1338 3835 3536 3639 3910 1034 3444 4412 1237 3716 1618 1815 1519 
2202 226 2624 2492 9295 9527 2708 825 2573 7329 2923 2303 301 120 2090 9021 2104 409 907 791 9128 2800 77 7798 9875 7582 8299 9993 9389 8997 9776 7672 7280 8094 9486 8684 8496 9606 685 8581 8183 8370 7061 6174 7465 6563 6379 7966 6667 6769 6962 6268 6860 6064 6431 3132 3287 8740 4044 4442 4246 4643 4305 578 7851 5148 4847 4749 4913 1316 1610 1088 8830 3071 7156 5655 5557 5750 5052 5259 5953 5354 5436 3658 5811 1114 1418 1838 3835 3545 4539 3933 3317 1734 3441 4112 1215 1537 3719 
